xof 0303txt 0032

template XSkinMeshHeader {
  <3cf169ce-ff7c-44ab-93c0-f78f62d172e2>
  WORD nMaxSkinWeightsPerVertex;
  WORD nMaxSkinWeightsPerFace;
  WORD nBones;
}

template SkinWeights {
  <6f0d123b-bad2-4167-a0d0-80224f25fabb>
  STRING transformNodeName;
  DWORD nWeights;
  array DWORD vertexIndices[nWeights];
  array float weights[nWeights];
  Matrix4x4 matrixOffset;
}

Frame Root {
  FrameTransformMatrix {
     1.000000, 0.000000, 0.000000, 0.000000,
     0.000000,-0.000000, 1.000000, 0.000000,
     0.000000, 1.000000, 0.000000, 0.000000,
     0.000000, 0.000000, 0.000000, 1.000000;;
  }
  Frame testHuman {
    FrameTransformMatrix {
       1.000000, 0.000000, 0.000000, 0.000000,
       0.000000, 1.000000, 0.000000, 0.000000,
       0.000000, 0.000000, 1.000000, 0.000000,
       0.000000, 0.000000, 0.000000, 1.000000;;
    }
    Frame testHuman_hips {
      FrameTransformMatrix {
         1.000000, 0.000000, 0.000000, 0.000000,
         0.000000, 0.168538, 0.985695, 0.000000,
         0.000000,-0.985695, 0.168537, 0.000000,
         0.000000,-0.063115,10.390700, 1.000000;;
      }
      Frame testHuman_spine {
        FrameTransformMatrix {
           1.000000,-0.000000, 0.000000, 0.000000,
           0.000000, 0.999550,-0.029992, 0.000000,
          -0.000000, 0.029992, 0.999550, 0.000000,
           0.000000, 1.511623, 0.000000, 1.000000;;
        }
        Frame testHuman_spine_1 {
          FrameTransformMatrix {
             1.000000,-0.000000, 0.000000, 0.000000,
             0.000000, 1.000000,-0.000077, 0.000000,
            -0.000000, 0.000077, 1.000000, 0.000000,
            -0.000000, 0.257908,-0.000000, 1.000000;;
          }
          Frame testHuman_chest {
            FrameTransformMatrix {
               1.000000, 0.000000,-0.000000, 0.000000,
              -0.000000, 0.997985, 0.063450, 0.000000,
               0.000000,-0.063450, 0.997985, 0.000000,
               0.000000, 0.257808,-0.000000, 1.000000;;
            }
            Frame testHuman_chest_1 {
              FrameTransformMatrix {
                 1.000000,-0.000000, 0.000000, 0.000000,
                 0.000000, 0.928448, 0.371462, 0.000000,
                -0.000000,-0.371462, 0.928448, 0.000000,
                 0.000000, 1.614292, 0.000000, 1.000000;;
              }
              Frame testHuman_clavicle_L {
                FrameTransformMatrix {
                   0.081972, 0.075557, 0.993766, 0.000000,
                   0.982474, 0.161362,-0.093309, 0.000000,
                  -0.167407, 0.983999,-0.061006, 0.000000,
                   0.253127, 1.802555, 0.644760, 1.000000;;
                }
                Frame testHuman_deltoid_L {
                  FrameTransformMatrix {
                     0.673918, 0.650837, 0.349636, 0.000000,
                    -0.142119, 0.578607,-0.803129, 0.000000,
                    -0.725008, 0.491554, 0.482430, 0.000000,
                     0.000000, 1.240239, 0.000001, 1.000000;;
                  }
                  Frame testHuman_upper_arm_L {
                    FrameTransformMatrix {
                      -0.625446,-0.144363,-0.766797, 0.000000,
                       0.140246, 0.945931,-0.292481, 0.000000,
                       0.767560,-0.290471,-0.571382, 0.000000,
                      -0.000001, 0.897326, 0.000001, 1.000000;;
                    }
                    Frame testHuman_forearm_L {
                      FrameTransformMatrix {
                         1.000000, 0.000042,-0.000027, 0.000000,
                        -0.000010, 0.693800, 0.720169, 0.000000,
                         0.000049,-0.720169, 0.693799, 0.000000,
                         0.000001, 2.706768, 0.000000, 1.000000;;
                      }
                      Frame testHuman_hand_L {
                        FrameTransformMatrix {
                           0.084706, 0.052889,-0.995001, 0.000000,
                           0.267059, 0.960849, 0.073809, 0.000000,
                           0.959950,-0.271976, 0.067265, 0.000000,
                           0.000000, 2.885264, 0.000001, 1.000000;;
                        }
                        Frame testHuman_palm_index_L {
                          FrameTransformMatrix {
                             0.902729, 0.157769,-0.400236, 0.000000,
                            -0.214413, 0.971545,-0.100633, 0.000000,
                             0.372970, 0.176660, 0.910870, 0.000000,
                            -0.107521, 0.402324, 0.004965, 1.000000;;
                          }
                          Frame testHuman_f_index_01_L {
                            FrameTransformMatrix {
                               0.999850,-0.010977,-0.013437, 0.000000,
                               0.013423, 0.980089, 0.198106, 0.000000,
                               0.010995,-0.198257, 0.980088, 0.000000,
                               0.000001, 0.848417,-0.000002, 1.000000;;
                            }
                            Frame testHuman_f_index_02_L {
                              FrameTransformMatrix {
                                 0.999969,-0.002248,-0.007582, 0.000000,
                                 0.003718, 0.979837, 0.199764, 0.000000,
                                 0.006980,-0.199786, 0.979815, 0.000000,
                                -0.000000, 0.310260,-0.000002, 1.000000;;
                              }
                              Frame testHuman_f_index_03_L {
                                FrameTransformMatrix {
                                   0.999879, 0.007152, 0.013801, 0.000000,
                                  -0.007591, 0.999457, 0.032068, 0.000000,
                                  -0.013564,-0.032169, 0.999390, 0.000000,
                                  -0.000000, 0.278473, 0.000000, 1.000000;;
                                }
                              } // End of testHuman_f_index_03_L
                            } // End of testHuman_f_index_02_L
                          } // End of testHuman_f_index_01_L
                        } // End of testHuman_palm_index_L
                        Frame testHuman_palm_middle_L {
                          FrameTransformMatrix {
                             0.999902, 0.012701,-0.005958, 0.000000,
                            -0.013213, 0.995311,-0.095815, 0.000000,
                             0.004714, 0.095884, 0.995381, 0.000000,
                             0.021765, 0.424716,-0.042894, 1.000000;;
                          }
                          Frame testHuman_f_middle_01_L {
                            FrameTransformMatrix {
                               0.987318,-0.156347, 0.027545, 0.000000,
                               0.153960, 0.985296, 0.074084, 0.000000,
                              -0.038723,-0.068903, 0.996872, 0.000000,
                               0.000000, 0.791461, 0.000000, 1.000000;;
                            }
                            Frame testHuman_f_middle_02_L {
                              FrameTransformMatrix {
                                 0.999907, 0.011443, 0.007382, 0.000000,
                                -0.012681, 0.979984, 0.198671, 0.000000,
                                -0.004961,-0.198746, 0.980038, 0.000000,
                                -0.000001, 0.392130, 0.000001, 1.000000;;
                              }
                              Frame testHuman_f_middle_03_L {
                                FrameTransformMatrix {
                                   0.999627,-0.025684,-0.009329, 0.000000,
                                   0.025624, 0.999650,-0.006543, 0.000000,
                                   0.009494, 0.006302, 0.999935, 0.000000,
                                  -0.000000, 0.307550,-0.000001, 1.000000;;
                                }
                              } // End of testHuman_f_middle_03_L
                            } // End of testHuman_f_middle_02_L
                          } // End of testHuman_f_middle_01_L
                        } // End of testHuman_palm_middle_L
                        Frame testHuman_palm_pinky_L {
                          FrameTransformMatrix {
                             0.898504,-0.382839,-0.214767, 0.000000,
                             0.339904, 0.916374,-0.211481, 0.000000,
                             0.277770, 0.117016, 0.953494, 0.000000,
                             0.250506, 0.458758,-0.058864, 1.000000;;
                          }
                          Frame testHuman_f_pinky_01_L {
                            FrameTransformMatrix {
                               0.999508, 0.030486, 0.007388, 0.000000,
                              -0.031278, 0.950778, 0.308290, 0.000000,
                               0.002374,-0.308370, 0.951264, 0.000000,
                              -0.000000, 0.603866,-0.000000, 1.000000;;
                            }
                            Frame testHuman_f_pinky_02_L {
                              FrameTransformMatrix {
                                 0.999872, 0.012684, 0.009786, 0.000000,
                                -0.013896, 0.990643, 0.135771, 0.000000,
                                -0.007972,-0.135889, 0.990692, 0.000000,
                                -0.000000, 0.264885, 0.000000, 1.000000;;
                              }
                              Frame testHuman_f_pinky_03_L {
                                FrameTransformMatrix {
                                   0.999594,-0.024586,-0.014429, 0.000000,
                                   0.024961, 0.999339, 0.026409, 0.000000,
                                   0.013770,-0.026758, 0.999547, 0.000000,
                                   0.000000, 0.174896,-0.000000, 1.000000;;
                                }
                              } // End of testHuman_f_pinky_03_L
                            } // End of testHuman_f_pinky_02_L
                          } // End of testHuman_f_pinky_01_L
                        } // End of testHuman_palm_pinky_L
                        Frame testHuman_palm_ring_L {
                          FrameTransformMatrix {
                             0.991274,-0.125100,-0.041530, 0.000000,
                             0.115917, 0.977328,-0.177181, 0.000000,
                             0.062754, 0.170821, 0.983302, 0.000000,
                             0.153751, 0.433557,-0.048897, 1.000000;;
                          }
                          Frame testHuman_f_ring_01_L {
                            FrameTransformMatrix {
                               0.982560,-0.182277, 0.036764, 0.000000,
                               0.176631, 0.976706, 0.121848, 0.000000,
                              -0.058117,-0.113230, 0.991868, 0.000000,
                               0.000000, 0.708742,-0.000001, 1.000000;;
                            }
                            Frame testHuman_f_ring_02_L {
                              FrameTransformMatrix {
                                 0.999631, 0.024728, 0.011198, 0.000000,
                                -0.026562, 0.976127, 0.215571, 0.000000,
                                -0.005600,-0.215789, 0.976424, 0.000000,
                                 0.000000, 0.346496,-0.000001, 1.000000;;
                              }
                              Frame testHuman_f_ring_03_L {
                                FrameTransformMatrix {
                                   0.998590,-0.052124,-0.010105, 0.000000,
                                   0.051954, 0.998515,-0.016425, 0.000000,
                                   0.010946, 0.015877, 0.999814, 0.000000,
                                   0.000000, 0.291590, 0.000000, 1.000000;;
                                }
                              } // End of testHuman_f_ring_03_L
                            } // End of testHuman_f_ring_02_L
                          } // End of testHuman_f_ring_01_L
                        } // End of testHuman_palm_ring_L
                        Frame testHuman_thumb_01_L {
                          FrameTransformMatrix {
                            -0.003854, 0.772038,-0.635564, 0.000000,
                            -0.465796, 0.561023, 0.684315, 0.000000,
                             0.884884, 0.298680, 0.357450, 0.000000,
                            -0.269552, 0.476436, 0.003324, 1.000000;;
                          }
                          Frame testHuman_thumb_02_L {
                            FrameTransformMatrix {
                               0.901038,-0.338215,-0.271553, 0.000000,
                               0.363543, 0.930365, 0.047514, 0.000000,
                               0.236573,-0.141533, 0.961250, 0.000000,
                              -0.000000, 0.362968, 0.000001, 1.000000;;
                            }
                            Frame testHuman_thumb_03_L {
                              FrameTransformMatrix {
                                 0.999797, 0.006133, 0.019218, 0.000000,
                                -0.007510, 0.997346, 0.072416, 0.000000,
                                -0.018723,-0.072546, 0.997190, 0.000000,
                                -0.000001, 0.441924,-0.000000, 1.000000;;
                              }
                            } // End of testHuman_thumb_03_L
                          } // End of testHuman_thumb_02_L
                        } // End of testHuman_thumb_01_L
                      } // End of testHuman_hand_L
                    } // End of testHuman_forearm_L
                  } // End of testHuman_upper_arm_L
                } // End of testHuman_deltoid_L
              } // End of testHuman_clavicle_L
              Frame testHuman_clavicle_R {
                FrameTransformMatrix {
                   0.081972,-0.075557,-0.993766, 0.000000,
                  -0.982474, 0.161362,-0.093309, 0.000000,
                   0.167407, 0.983999,-0.061006, 0.000000,
                  -0.253127, 1.802555, 0.644760, 1.000000;;
                }
                Frame testHuman_deltoid_R {
                  FrameTransformMatrix {
                     0.673918,-0.650837,-0.349636, 0.000000,
                     0.142119, 0.578607,-0.803129, 0.000000,
                     0.725008, 0.491554, 0.482430, 0.000000,
                    -0.000000, 1.240239, 0.000001, 1.000000;;
                  }
                  Frame testHuman_upper_arm_R {
                    FrameTransformMatrix {
                      -0.625446, 0.144363, 0.766797, 0.000000,
                      -0.140246, 0.945931,-0.292481, 0.000000,
                      -0.767560,-0.290471,-0.571382, 0.000000,
                       0.000001, 0.897326, 0.000001, 1.000000;;
                    }
                    Frame testHuman_forearm_R {
                      FrameTransformMatrix {
                         1.000000,-0.000042, 0.000027, 0.000000,
                         0.000010, 0.693800, 0.720169, 0.000000,
                        -0.000049,-0.720169, 0.693799, 0.000000,
                        -0.000001, 2.706768, 0.000000, 1.000000;;
                      }
                      Frame testHuman_hand_R {
                        FrameTransformMatrix {
                           0.084706,-0.052889, 0.995001, 0.000000,
                          -0.267059, 0.960849, 0.073809, 0.000000,
                          -0.959950,-0.271976, 0.067265, 0.000000,
                          -0.000000, 2.885264, 0.000001, 1.000000;;
                        }
                        Frame testHuman_palm_index_R {
                          FrameTransformMatrix {
                             0.902729,-0.157769, 0.400236, 0.000000,
                             0.214413, 0.971545,-0.100633, 0.000000,
                            -0.372970, 0.176660, 0.910870, 0.000000,
                             0.107521, 0.402324, 0.004965, 1.000000;;
                          }
                          Frame testHuman_f_index_01_R {
                            FrameTransformMatrix {
                               0.999850, 0.010977, 0.013437, 0.000000,
                              -0.013423, 0.980089, 0.198106, 0.000000,
                              -0.010995,-0.198257, 0.980088, 0.000000,
                              -0.000001, 0.848417,-0.000002, 1.000000;;
                            }
                            Frame testHuman_f_index_02_R {
                              FrameTransformMatrix {
                                 0.999969, 0.002248, 0.007582, 0.000000,
                                -0.003718, 0.979837, 0.199764, 0.000000,
                                -0.006980,-0.199786, 0.979815, 0.000000,
                                 0.000000, 0.310260,-0.000002, 1.000000;;
                              }
                              Frame testHuman_f_index_03_R {
                                FrameTransformMatrix {
                                   0.999879,-0.007152,-0.013801, 0.000000,
                                   0.007591, 0.999457, 0.032068, 0.000000,
                                   0.013564,-0.032169, 0.999390, 0.000000,
                                   0.000000, 0.278473, 0.000000, 1.000000;;
                                }
                              } // End of testHuman_f_index_03_R
                            } // End of testHuman_f_index_02_R
                          } // End of testHuman_f_index_01_R
                        } // End of testHuman_palm_index_R
                        Frame testHuman_palm_middle_R {
                          FrameTransformMatrix {
                             0.999902,-0.012701, 0.005958, 0.000000,
                             0.013213, 0.995311,-0.095815, 0.000000,
                            -0.004714, 0.095884, 0.995381, 0.000000,
                            -0.021765, 0.424716,-0.042894, 1.000000;;
                          }
                          Frame testHuman_f_middle_01_R {
                            FrameTransformMatrix {
                               0.987318, 0.156347,-0.027545, 0.000000,
                              -0.153960, 0.985296, 0.074084, 0.000000,
                               0.038723,-0.068903, 0.996872, 0.000000,
                              -0.000000, 0.791461, 0.000000, 1.000000;;
                            }
                            Frame testHuman_f_middle_02_R {
                              FrameTransformMatrix {
                                 0.999907,-0.011443,-0.007382, 0.000000,
                                 0.012681, 0.979984, 0.198671, 0.000000,
                                 0.004961,-0.198746, 0.980038, 0.000000,
                                 0.000001, 0.392130, 0.000001, 1.000000;;
                              }
                              Frame testHuman_f_middle_03_R {
                                FrameTransformMatrix {
                                   0.999627, 0.025684, 0.009329, 0.000000,
                                  -0.025624, 0.999650,-0.006543, 0.000000,
                                  -0.009494, 0.006302, 0.999935, 0.000000,
                                   0.000000, 0.307550,-0.000001, 1.000000;;
                                }
                              } // End of testHuman_f_middle_03_R
                            } // End of testHuman_f_middle_02_R
                          } // End of testHuman_f_middle_01_R
                        } // End of testHuman_palm_middle_R
                        Frame testHuman_palm_pinky_R {
                          FrameTransformMatrix {
                             0.915151, 0.341396, 0.214353, 0.000000,
                            -0.292816, 0.928445,-0.228579, 0.000000,
                            -0.277051, 0.146419, 0.949634, 0.000000,
                            -0.281568, 0.459798,-0.050590, 1.000000;;
                          }
                          Frame testHuman_f_pinky_01_R {
                            FrameTransformMatrix {
                               0.999912, 0.012998, 0.002844, 0.000000,
                              -0.013200, 0.942246, 0.334662, 0.000000,
                               0.001670,-0.334670, 0.942334, 0.000000,
                              -0.000000, 0.594895, 0.000001, 1.000000;;
                            }
                            Frame testHuman_f_pinky_02_R {
                              FrameTransformMatrix {
                                 0.999872,-0.012684,-0.009786, 0.000000,
                                 0.013895, 0.990643, 0.135771, 0.000000,
                                 0.007972,-0.135889, 0.990692, 0.000000,
                                 0.000000, 0.264885, 0.000000, 1.000000;;
                              }
                              Frame testHuman_f_pinky_03_R {
                                FrameTransformMatrix {
                                   0.999594, 0.024586, 0.014429, 0.000000,
                                  -0.024960, 0.999340, 0.026409, 0.000000,
                                  -0.013770,-0.026758, 0.999547, 0.000000,
                                   0.000000, 0.174896,-0.000001, 1.000000;;
                                }
                              } // End of testHuman_f_pinky_03_R
                            } // End of testHuman_f_pinky_02_R
                          } // End of testHuman_f_pinky_01_R
                        } // End of testHuman_palm_pinky_R
                        Frame testHuman_palm_ring_R {
                          FrameTransformMatrix {
                             0.994286, 0.082016, 0.068331, 0.000000,
                            -0.067934, 0.979888,-0.187630, 0.000000,
                            -0.082345, 0.181915, 0.979860, 0.000000,
                            -0.188033, 0.435692,-0.042248, 1.000000;;
                          }
                          Frame testHuman_f_ring_01_R {
                            FrameTransformMatrix {
                               0.971994, 0.229152,-0.052112, 0.000000,
                              -0.220218, 0.965578, 0.138431, 0.000000,
                               0.082040,-0.123078, 0.989000, 0.000000,
                              -0.000000, 0.704711, 0.000001, 1.000000;;
                            }
                            Frame testHuman_f_ring_02_R {
                              FrameTransformMatrix {
                                 0.999632,-0.024728,-0.011198, 0.000000,
                                 0.026562, 0.976127, 0.215571, 0.000000,
                                 0.005600,-0.215789, 0.976424, 0.000000,
                                -0.000000, 0.346496, 0.000000, 1.000000;;
                              }
                              Frame testHuman_f_ring_03_R {
                                FrameTransformMatrix {
                                   0.998590, 0.052125, 0.010105, 0.000000,
                                  -0.051954, 0.998514,-0.016425, 0.000000,
                                  -0.010947, 0.015876, 0.999814, 0.000000,
                                   0.000000, 0.291590,-0.000000, 1.000000;;
                                }
                              } // End of testHuman_f_ring_03_R
                            } // End of testHuman_f_ring_02_R
                          } // End of testHuman_f_ring_01_R
                        } // End of testHuman_palm_ring_R
                        Frame testHuman_thumb_01_R {
                          FrameTransformMatrix {
                            -0.004977,-0.771658, 0.636018, 0.000000,
                             0.465796, 0.561023, 0.684315, 0.000000,
                            -0.884878, 0.299660, 0.356643, 0.000000,
                             0.269552, 0.476436, 0.003324, 1.000000;;
                          }
                          Frame testHuman_thumb_02_R {
                            FrameTransformMatrix {
                               0.901286, 0.338157, 0.270802, 0.000000,
                              -0.363482, 0.930365, 0.047976, 0.000000,
                              -0.235722,-0.141672, 0.961439, 0.000000,
                               0.000000, 0.362968,-0.000000, 1.000000;;
                            }
                            Frame testHuman_thumb_03_R {
                              FrameTransformMatrix {
                                 0.999795,-0.006158,-0.019288, 0.000000,
                                 0.007540, 0.997346, 0.072413, 0.000000,
                                 0.018791,-0.072544, 0.997188, 0.000000,
                                -0.000000, 0.441925,-0.000001, 1.000000;;
                              }
                            } // End of testHuman_thumb_03_R
                          } // End of testHuman_thumb_02_R
                        } // End of testHuman_thumb_01_R
                      } // End of testHuman_hand_R
                    } // End of testHuman_forearm_R
                  } // End of testHuman_upper_arm_R
                } // End of testHuman_deltoid_R
              } // End of testHuman_clavicle_R
              Frame testHuman_neck {
                FrameTransformMatrix {
                   1.000000, 0.000000, 0.000000, 0.000000,
                   0.000000, 0.950067,-0.312048, 0.000000,
                  -0.000000, 0.312048, 0.950066, 0.000000,
                   0.000000, 2.499019,-0.000000, 1.000000;;
                }
                Frame testHuman_head {
                  FrameTransformMatrix {
                     1.000000,-0.000000, 0.000000, 0.000000,
                     0.000000, 0.995821, 0.091327, 0.000000,
                    -0.000000,-0.091327, 0.995821, 0.000000,
                     0.000000, 1.194252,-0.000000, 1.000000;;
                  }
                  Frame testHuman_eye_L {
                    FrameTransformMatrix {
                       0.588768, 0.807864,-0.026593, 0.000000,
                       0.115255,-0.051343, 0.992008, 0.000000,
                       0.800043,-0.587128,-0.123340, 0.000000,
                       0.321984, 0.335205, 1.340144, 1.000000;;
                    }
                  } // End of testHuman_eye_L
                  Frame testHuman_eye_R {
                    FrameTransformMatrix {
                       0.588768,-0.807864, 0.026593, 0.000000,
                      -0.115255,-0.051343, 0.992008, 0.000000,
                      -0.800043,-0.587128,-0.123340, 0.000000,
                      -0.321984, 0.335205, 1.340144, 1.000000;;
                    }
                  } // End of testHuman_eye_R
                  Frame testHuman_jaw {
                    FrameTransformMatrix {
                       1.000000,-0.000000,-0.000000, 0.000000,
                       0.000000,-0.688683, 0.725062, 0.000000,
                       0.000000,-0.725062,-0.688683, 0.000000,
                      -0.000000,-0.038038, 0.611228, 1.000000;;
                    }
                    Frame testHuman_tongue_base {
                      FrameTransformMatrix {
                         1.000000, 0.000000, 0.000000, 0.000000,
                        -0.000000, 0.638204,-0.769867, 0.000000,
                        -0.000000, 0.769867, 0.638204, 0.000000,
                        -0.000000, 0.395650, 0.186356, 1.000000;;
                      }
                      Frame testHuman_tongue_mid {
                        FrameTransformMatrix {
                           1.000000,-0.000000,-0.000000, 0.000000,
                           0.000000, 0.991152, 0.132732, 0.000000,
                          -0.000000,-0.132732, 0.991152, 0.000000,
                          -0.000000, 0.327909, 0.000001, 1.000000;;
                        }
                        Frame testHuman_tongue_tip {
                          FrameTransformMatrix {
                             1.000000, 0.000000, 0.000000, 0.000000,
                            -0.000000, 0.880854, 0.473389, 0.000000,
                             0.000000,-0.473389, 0.880854, 0.000000,
                             0.000000, 0.227864,-0.000000, 1.000000;;
                          }
                        } // End of testHuman_tongue_tip
                      } // End of testHuman_tongue_mid
                    } // End of testHuman_tongue_base
                  } // End of testHuman_jaw
                  Frame testHuman_lolid_L {
                    FrameTransformMatrix {
                       1.000000,-0.000000,-0.000000, 0.000000,
                       0.000000,-0.405101, 0.914272, 0.000000,
                       0.000000,-0.914272,-0.405101, 0.000000,
                       0.332946, 0.335205, 1.340144, 1.000000;;
                    }
                  } // End of testHuman_lolid_L
                  Frame testHuman_lolid_R {
                    FrameTransformMatrix {
                       1.000000,-0.000000,-0.000000, 0.000000,
                       0.000000,-0.405101, 0.914272, 0.000000,
                       0.000000,-0.914272,-0.405101, 0.000000,
                      -0.332946, 0.335205, 1.340144, 1.000000;;
                    }
                  } // End of testHuman_lolid_R
                  Frame testHuman_uplid_L {
                    FrameTransformMatrix {
                       1.000000,-0.000000,-0.000000, 0.000000,
                       0.000000, 0.128915, 0.991656, 0.000000,
                       0.000000,-0.991656, 0.128915, 0.000000,
                       0.330397, 0.335205, 1.340144, 1.000000;;
                    }
                  } // End of testHuman_uplid_L
                  Frame testHuman_uplid_R {
                    FrameTransformMatrix {
                       1.000000,-0.000049, 0.000004, 0.000000,
                       0.000003, 0.152886, 0.988244, 0.000000,
                      -0.000049,-0.988244, 0.152886, 0.000000,
                      -0.328670, 0.335205, 1.340144, 1.000000;;
                    }
                  } // End of testHuman_uplid_R
                } // End of testHuman_head
              } // End of testHuman_neck
            } // End of testHuman_chest_1
          } // End of testHuman_chest
        } // End of testHuman_spine_1
      } // End of testHuman_spine
      Frame testHuman_thigh_L {
        FrameTransformMatrix {
           0.995022, 0.099685, 0.001205, 0.000000,
           0.099358,-0.990632,-0.093682, 0.000000,
          -0.008153, 0.093334,-0.995605, 0.000000,
           1.180500,-0.083743,-0.132046, 1.000000;;
        }
        Frame testHuman_shin_L {
          FrameTransformMatrix {
             0.999996,-0.000001,-0.000001, 0.000000,
             0.000001, 0.994906, 0.100805, 0.000000,
             0.000001,-0.100806, 0.994903, 0.000000,
             0.000000, 4.768827, 0.000000, 1.000000;;
          }
          Frame testHuman_foot_L {
            FrameTransformMatrix {
               0.999435,-0.007802,-0.032690, 0.000000,
              -0.026266, 0.425467,-0.904593, 0.000000,
               0.020966, 0.904940, 0.425022, 0.000000,
              -0.000000, 4.771253, 0.000000, 1.000000;;
            }
            Frame testHuman_toe_L {
              FrameTransformMatrix {
                 1.000000, 0.000001, 0.000007, 0.000000,
                 0.000002, 0.892712,-0.450629, 0.000000,
                -0.000006, 0.450629, 0.892711, 0.000000,
                -0.000000, 1.561450,-0.000000, 1.000000;;
              }
            } // End of testHuman_toe_L
          } // End of testHuman_foot_L
        } // End of testHuman_shin_L
      } // End of testHuman_thigh_L
      Frame testHuman_thigh_R {
        FrameTransformMatrix {
           0.995022,-0.099685,-0.001205, 0.000000,
          -0.099358,-0.990632,-0.093682, 0.000000,
           0.008153, 0.093334,-0.995605, 0.000000,
          -1.180500,-0.083743,-0.132046, 1.000000;;
        }
        Frame testHuman_shin_R {
          FrameTransformMatrix {
             0.999996, 0.000001, 0.000001, 0.000000,
            -0.000001, 0.994906, 0.100805, 0.000000,
            -0.000001,-0.100806, 0.994903, 0.000000,
            -0.000000, 4.768827, 0.000000, 1.000000;;
          }
          Frame testHuman_foot_R {
            FrameTransformMatrix {
               0.999435, 0.007802, 0.032690, 0.000000,
               0.026266, 0.425467,-0.904593, 0.000000,
              -0.020966, 0.904940, 0.425022, 0.000000,
               0.000000, 4.771253, 0.000000, 1.000000;;
            }
            Frame testHuman_toe_R {
              FrameTransformMatrix {
                 1.000000,-0.000001,-0.000007, 0.000000,
                -0.000002, 0.892712,-0.450629, 0.000000,
                 0.000006, 0.450629, 0.892711, 0.000000,
                 0.000000, 1.561450,-0.000000, 1.000000;;
              }
            } // End of testHuman_toe_R
          } // End of testHuman_foot_R
        } // End of testHuman_shin_R
      } // End of testHuman_thigh_R
    } // End of testHuman_hips
  } // End of testHuman
} // End of Root
AnimationSet Global {
  Animation {
    {testHuman}
    AnimationKey { // Rotation
      0;
      250;
      0;4;-1.000000, 0.000000, 0.000000, 0.000000;;,
      1;4;-1.000000, 0.000000, 0.000000, 0.000000;;,
      2;4;-1.000000, 0.000000, 0.000000, 0.000000;;,
      3;4;-1.000000, 0.000000, 0.000000, 0.000000;;,
      4;4;-1.000000, 0.000000, 0.000000, 0.000000;;,
      5;4;-1.000000, 0.000000, 0.000000, 0.000000;;,
      6;4;-1.000000, 0.000000, 0.000000, 0.000000;;,
      7;4;-1.000000, 0.000000, 0.000000, 0.000000;;,
      8;4;-1.000000, 0.000000, 0.000000, 0.000000;;,
      9;4;-1.000000, 0.000000, 0.000000, 0.000000;;,
      10;4;-1.000000, 0.000000, 0.000000, 0.000000;;,
      11;4;-1.000000, 0.000000, 0.000000, 0.000000;;,
      12;4;-1.000000, 0.000000, 0.000000, 0.000000;;,
      13;4;-1.000000, 0.000000, 0.000000, 0.000000;;,
      14;4;-1.000000, 0.000000, 0.000000, 0.000000;;,
      15;4;-1.000000, 0.000000, 0.000000, 0.000000;;,
      16;4;-1.000000, 0.000000, 0.000000, 0.000000;;,
      17;4;-1.000000, 0.000000, 0.000000, 0.000000;;,
      18;4;-1.000000, 0.000000, 0.000000, 0.000000;;,
      19;4;-1.000000, 0.000000, 0.000000, 0.000000;;,
      20;4;-1.000000, 0.000000, 0.000000, 0.000000;;,
      21;4;-1.000000, 0.000000, 0.000000, 0.000000;;,
      22;4;-1.000000, 0.000000, 0.000000, 0.000000;;,
      23;4;-1.000000, 0.000000, 0.000000, 0.000000;;,
      24;4;-1.000000, 0.000000, 0.000000, 0.000000;;,
      25;4;-1.000000, 0.000000, 0.000000, 0.000000;;,
      26;4;-1.000000, 0.000000, 0.000000, 0.000000;;,
      27;4;-1.000000, 0.000000, 0.000000, 0.000000;;,
      28;4;-1.000000, 0.000000, 0.000000, 0.000000;;,
      29;4;-1.000000, 0.000000, 0.000000, 0.000000;;,
      30;4;-1.000000, 0.000000, 0.000000, 0.000000;;,
      31;4;-1.000000, 0.000000, 0.000000, 0.000000;;,
      32;4;-1.000000, 0.000000, 0.000000, 0.000000;;,
      33;4;-1.000000, 0.000000, 0.000000, 0.000000;;,
      34;4;-1.000000, 0.000000, 0.000000, 0.000000;;,
      35;4;-1.000000, 0.000000, 0.000000, 0.000000;;,
      36;4;-1.000000, 0.000000, 0.000000, 0.000000;;,
      37;4;-1.000000, 0.000000, 0.000000, 0.000000;;,
      38;4;-1.000000, 0.000000, 0.000000, 0.000000;;,
      39;4;-1.000000, 0.000000, 0.000000, 0.000000;;,
      40;4;-1.000000, 0.000000, 0.000000, 0.000000;;,
      41;4;-1.000000, 0.000000, 0.000000, 0.000000;;,
      42;4;-1.000000, 0.000000, 0.000000, 0.000000;;,
      43;4;-1.000000, 0.000000, 0.000000, 0.000000;;,
      44;4;-1.000000, 0.000000, 0.000000, 0.000000;;,
      45;4;-1.000000, 0.000000, 0.000000, 0.000000;;,
      46;4;-1.000000, 0.000000, 0.000000, 0.000000;;,
      47;4;-1.000000, 0.000000, 0.000000, 0.000000;;,
      48;4;-1.000000, 0.000000, 0.000000, 0.000000;;,
      49;4;-1.000000, 0.000000, 0.000000, 0.000000;;,
      50;4;-1.000000, 0.000000, 0.000000, 0.000000;;,
      51;4;-1.000000, 0.000000, 0.000000, 0.000000;;,
      52;4;-1.000000, 0.000000, 0.000000, 0.000000;;,
      53;4;-1.000000, 0.000000, 0.000000, 0.000000;;,
      54;4;-1.000000, 0.000000, 0.000000, 0.000000;;,
      55;4;-1.000000, 0.000000, 0.000000, 0.000000;;,
      56;4;-1.000000, 0.000000, 0.000000, 0.000000;;,
      57;4;-1.000000, 0.000000, 0.000000, 0.000000;;,
      58;4;-1.000000, 0.000000, 0.000000, 0.000000;;,
      59;4;-1.000000, 0.000000, 0.000000, 0.000000;;,
      60;4;-1.000000, 0.000000, 0.000000, 0.000000;;,
      61;4;-1.000000, 0.000000, 0.000000, 0.000000;;,
      62;4;-1.000000, 0.000000, 0.000000, 0.000000;;,
      63;4;-1.000000, 0.000000, 0.000000, 0.000000;;,
      64;4;-1.000000, 0.000000, 0.000000, 0.000000;;,
      65;4;-1.000000, 0.000000, 0.000000, 0.000000;;,
      66;4;-1.000000, 0.000000, 0.000000, 0.000000;;,
      67;4;-1.000000, 0.000000, 0.000000, 0.000000;;,
      68;4;-1.000000, 0.000000, 0.000000, 0.000000;;,
      69;4;-1.000000, 0.000000, 0.000000, 0.000000;;,
      70;4;-1.000000, 0.000000, 0.000000, 0.000000;;,
      71;4;-1.000000, 0.000000, 0.000000, 0.000000;;,
      72;4;-1.000000, 0.000000, 0.000000, 0.000000;;,
      73;4;-1.000000, 0.000000, 0.000000, 0.000000;;,
      74;4;-1.000000, 0.000000, 0.000000, 0.000000;;,
      75;4;-1.000000, 0.000000, 0.000000, 0.000000;;,
      76;4;-1.000000, 0.000000, 0.000000, 0.000000;;,
      77;4;-1.000000, 0.000000, 0.000000, 0.000000;;,
      78;4;-1.000000, 0.000000, 0.000000, 0.000000;;,
      79;4;-1.000000, 0.000000, 0.000000, 0.000000;;,
      80;4;-1.000000, 0.000000, 0.000000, 0.000000;;,
      81;4;-1.000000, 0.000000, 0.000000, 0.000000;;,
      82;4;-1.000000, 0.000000, 0.000000, 0.000000;;,
      83;4;-1.000000, 0.000000, 0.000000, 0.000000;;,
      84;4;-1.000000, 0.000000, 0.000000, 0.000000;;,
      85;4;-1.000000, 0.000000, 0.000000, 0.000000;;,
      86;4;-1.000000, 0.000000, 0.000000, 0.000000;;,
      87;4;-1.000000, 0.000000, 0.000000, 0.000000;;,
      88;4;-1.000000, 0.000000, 0.000000, 0.000000;;,
      89;4;-1.000000, 0.000000, 0.000000, 0.000000;;,
      90;4;-1.000000, 0.000000, 0.000000, 0.000000;;,
      91;4;-1.000000, 0.000000, 0.000000, 0.000000;;,
      92;4;-1.000000, 0.000000, 0.000000, 0.000000;;,
      93;4;-1.000000, 0.000000, 0.000000, 0.000000;;,
      94;4;-1.000000, 0.000000, 0.000000, 0.000000;;,
      95;4;-1.000000, 0.000000, 0.000000, 0.000000;;,
      96;4;-1.000000, 0.000000, 0.000000, 0.000000;;,
      97;4;-1.000000, 0.000000, 0.000000, 0.000000;;,
      98;4;-1.000000, 0.000000, 0.000000, 0.000000;;,
      99;4;-1.000000, 0.000000, 0.000000, 0.000000;;,
      100;4;-1.000000, 0.000000, 0.000000, 0.000000;;,
      101;4;-1.000000, 0.000000, 0.000000, 0.000000;;,
      102;4;-1.000000, 0.000000, 0.000000, 0.000000;;,
      103;4;-1.000000, 0.000000, 0.000000, 0.000000;;,
      104;4;-1.000000, 0.000000, 0.000000, 0.000000;;,
      105;4;-1.000000, 0.000000, 0.000000, 0.000000;;,
      106;4;-1.000000, 0.000000, 0.000000, 0.000000;;,
      107;4;-1.000000, 0.000000, 0.000000, 0.000000;;,
      108;4;-1.000000, 0.000000, 0.000000, 0.000000;;,
      109;4;-1.000000, 0.000000, 0.000000, 0.000000;;,
      110;4;-1.000000, 0.000000, 0.000000, 0.000000;;,
      111;4;-1.000000, 0.000000, 0.000000, 0.000000;;,
      112;4;-1.000000, 0.000000, 0.000000, 0.000000;;,
      113;4;-1.000000, 0.000000, 0.000000, 0.000000;;,
      114;4;-1.000000, 0.000000, 0.000000, 0.000000;;,
      115;4;-1.000000, 0.000000, 0.000000, 0.000000;;,
      116;4;-1.000000, 0.000000, 0.000000, 0.000000;;,
      117;4;-1.000000, 0.000000, 0.000000, 0.000000;;,
      118;4;-1.000000, 0.000000, 0.000000, 0.000000;;,
      119;4;-1.000000, 0.000000, 0.000000, 0.000000;;,
      120;4;-1.000000, 0.000000, 0.000000, 0.000000;;,
      121;4;-1.000000, 0.000000, 0.000000, 0.000000;;,
      122;4;-1.000000, 0.000000, 0.000000, 0.000000;;,
      123;4;-1.000000, 0.000000, 0.000000, 0.000000;;,
      124;4;-1.000000, 0.000000, 0.000000, 0.000000;;,
      125;4;-1.000000, 0.000000, 0.000000, 0.000000;;,
      126;4;-1.000000, 0.000000, 0.000000, 0.000000;;,
      127;4;-1.000000, 0.000000, 0.000000, 0.000000;;,
